max: 15.18874740600586
min: 0.00194549560546875
mean: 2.1374748129850234
median: 1.5920429229736328
std: 1.8878334434018011
