max: 8.122093200683594
min: 6.389617919921875e-05
mean: 0.9632682049777148
median: 0.7641620635986328
std: 0.798496047123223
