max: 8.88449478149414
min: 0.0001583099365234375
mean: 1.4753493144114813
median: 1.1794853210449219
std: 1.2301790048846242
