max: 8.122093200683594
min: 6.29425048828125e-05
mean: 0.9632682033020349
median: 0.7641630172729492
std: 0.7984960480019719
